 1.18480566e+004
 4.54323096e+003
 1.63825989e+003
 8.28656799e+002
 7.71343994e+002
 6.52016296e+002
 4.22810364e+002
 3.61134552e+002
 3.25205627e+002
 2.60781616e+002
 2.14152573e+002
 1.69577515e+002
 1.61876801e+002
 1.53248352e+002
 1.42575836e+002
 1.25877220e+002
 1.19117950e+002
 1.07031563e+002
 9.83566666e+001
 9.42170258e+001
 9.21981964e+001
 8.92985992e+001
 8.28425446e+001
 7.69412537e+001
 7.37614594e+001
 7.08898163e+001
 6.61683884e+001
 6.31829872e+001
 6.15380211e+001
 5.66369858e+001
 5.60066071e+001
 5.53312607e+001
 5.00107765e+001
 4.93658867e+001
 4.80506554e+001
 4.64321594e+001
 4.46264305e+001
 4.40297050e+001
 4.24611092e+001
 4.18153191e+001
 4.04517212e+001
 3.95264091e+001
 3.86098442e+001
 3.71379204e+001
 3.61096268e+001
 3.57510796e+001
 3.53240433e+001
 3.42434273e+001
 3.36664543e+001
 3.33157005e+001
 3.26694069e+001
 3.18185425e+001
 3.17966785e+001
 3.11842937e+001
 3.03064003e+001
 2.99797287e+001
 2.94164925e+001
 2.91561375e+001
 2.86330624e+001
 2.79073753e+001
 2.78279266e+001
 2.76710663e+001
 2.68419476e+001
 2.67706165e+001
 2.64821339e+001
 2.57495651e+001
 2.53778515e+001
 2.52551689e+001
 2.47256756e+001
 2.41907616e+001
 2.40625019e+001
 2.35287895e+001
 2.34257050e+001
 2.30342674e+001
 2.26788712e+001
 2.24373665e+001
 2.21946182e+001
 2.21058540e+001
 2.18613625e+001
 2.16037941e+001
 2.13687763e+001
 2.11438751e+001
 2.08224068e+001
 2.07029152e+001
 2.06264763e+001
 2.04142036e+001
 2.02318439e+001
 2.00004139e+001
 1.98965130e+001
 1.98301678e+001
 1.95995827e+001
 1.93243942e+001
 1.91600819e+001
 1.90980015e+001
 1.89536991e+001
 1.88603802e+001
 1.87191219e+001
 1.85028000e+001
 1.82609272e+001
 1.81607132e+001
 1.79455509e+001
 1.78652420e+001
 1.77326126e+001
 1.76689281e+001
 1.76095638e+001
 1.74505482e+001
 1.70997639e+001
 1.70012665e+001
 1.69888592e+001
 1.68239784e+001
 1.66941071e+001
 1.65479298e+001
 1.64004536e+001
 1.63829937e+001
 1.62240677e+001
 1.62105026e+001
 1.61537476e+001
 1.60016994e+001
 1.58857594e+001
 1.58166122e+001
 1.56805315e+001
 1.55279388e+001
 1.54675350e+001
 1.54146528e+001
 1.53817940e+001
 1.52621965e+001
 1.51389484e+001
 1.49928522e+001
 1.49108486e+001
 1.48789120e+001
 1.47665854e+001
 1.47280416e+001
 1.46627417e+001
 1.44581690e+001
 1.43754730e+001
 1.43198700e+001
 1.43041964e+001
 1.41745005e+001
 1.41599665e+001
 1.40682316e+001
 1.40247431e+001
 1.38497658e+001
 1.38013611e+001
 1.37061634e+001
 1.36061420e+001
 1.35446024e+001
 1.34790907e+001
 1.34011602e+001
 1.33403988e+001
 1.32907209e+001
 1.32499495e+001
 1.32115355e+001
 1.30315914e+001
 1.30096636e+001
 1.29092646e+001
 1.28671026e+001
 1.28288679e+001
 1.27562723e+001
 1.26677198e+001
 1.26482286e+001
 1.25699997e+001
 1.24741335e+001
 1.24443970e+001
 1.24054728e+001
 1.23623056e+001
 1.22853174e+001
 1.22040348e+001
 1.21606627e+001
 1.20585356e+001
 1.20486889e+001
 1.19790850e+001
 1.19292326e+001
 1.18661566e+001
 1.17892761e+001
 1.17634373e+001
 1.16682415e+001
 1.16539564e+001
 1.15776978e+001
 1.15510044e+001
 1.15185556e+001
 1.14960527e+001
 1.14585218e+001
 1.13721552e+001
 1.13449459e+001
 1.13288021e+001
 1.12709951e+001
 1.12006588e+001
 1.11717463e+001
 1.11172419e+001
 1.10850248e+001
 1.10350485e+001
 1.10140295e+001
 1.09780369e+001
 1.08779221e+001
 1.08330269e+001
 1.08058672e+001
 1.07950935e+001
 1.07122316e+001
 1.06958380e+001
 1.06432686e+001
 1.05589485e+001
 1.05447655e+001
 1.04978733e+001
 1.04774246e+001
 1.04310875e+001
 1.03833923e+001
 1.03538399e+001
 1.02832193e+001
 1.01876993e+001
 1.01580734e+001
 1.00958853e+001
 1.00598764e+001
 1.00359221e+001
 9.99106979e+000
 9.98660851e+000
 9.93000889e+000
 9.90589237e+000
 9.84121609e+000
 9.77173233e+000
 9.73746586e+000
 9.72156143e+000
 9.67694473e+000
 9.66223240e+000
 9.59560585e+000
 9.52138519e+000
 9.49238586e+000
 9.48609352e+000
 9.46657944e+000
 9.43813896e+000
 9.40015030e+000
 9.35257149e+000
 9.33835888e+000
 9.28816414e+000
 9.26176071e+000
 9.20718956e+000
 9.15475178e+000
 9.08813477e+000
 9.05706215e+000
 9.03974819e+000
 9.01784229e+000
 9.00298119e+000
 8.95553493e+000
 8.92718983e+000
 8.91454887e+000
 8.86617184e+000
 8.78562164e+000
 8.74178505e+000
 8.73442841e+000
 8.71468353e+000
 8.66531849e+000
 8.65306377e+000
 8.55505180e+000
 8.54232121e+000
 8.51820850e+000
 8.50011730e+000
 8.46903896e+000
 8.43645191e+000
 8.39626789e+000
 8.34036350e+000
 8.33399296e+000
 8.29987907e+000
 8.27155590e+000
 8.24727535e+000
 8.21645355e+000
 8.19102001e+000
 8.17911530e+000
 8.09526253e+000
 8.08287239e+000
 8.04151249e+000
 8.02835846e+000
 7.97598219e+000
 7.93695498e+000
 7.93202543e+000
 7.89777946e+000
 7.88148451e+000
 7.85083246e+000
 7.80872774e+000
 7.77222586e+000
 7.76041842e+000
 7.72613573e+000
 7.71066189e+000
 7.67350245e+000
 7.64912033e+000
 7.61443424e+000
 7.58663607e+000
 7.54893064e+000
 7.53723764e+000
 7.51881218e+000
 7.45833969e+000
 7.44277477e+000
 7.41559410e+000
 7.39312792e+000
 7.37507057e+000
 7.33694839e+000
 7.30387688e+000
 7.29205799e+000
 7.25113344e+000
 7.21414661e+000
 7.20064020e+000
 7.17412138e+000
 7.16036129e+000
 7.13520241e+000
 7.10551929e+000
 7.08500528e+000
 7.06880379e+000
 7.03833961e+000
 6.97611332e+000
 6.96086025e+000
 6.94291306e+000
 6.90458822e+000
 6.89170790e+000
 6.87740993e+000
 6.82121134e+000
 6.81690979e+000
 6.79017401e+000
 6.77789783e+000
 6.75307989e+000
 6.73117924e+000
 6.70452595e+000
 6.68740129e+000
 6.66809893e+000
 6.64479494e+000
 6.63611603e+000
 6.59451389e+000
 6.55902052e+000
 6.55005932e+000
 6.50820160e+000
 6.48927975e+000
 6.48268366e+000
 6.46989012e+000
 6.42139149e+000
 6.41373873e+000
 6.35853910e+000
 6.33960629e+000
 6.33097410e+000
 6.31107664e+000
 6.28208590e+000
 6.26846457e+000
 6.24282551e+000
 6.18838263e+000
 6.16876316e+000
 6.15103197e+000
 6.11755085e+000
 6.09331131e+000
 6.07953024e+000
 6.07232523e+000
 6.06244707e+000
 6.02582788e+000
 6.00836515e+000
 5.99309587e+000
 5.97789812e+000
 5.94516373e+000
 5.93034410e+000
 5.91498947e+000
 5.87570715e+000
 5.85274887e+000
 5.81549454e+000
 5.80446100e+000
 5.76995039e+000
 5.73295164e+000
 5.72539282e+000
 5.71749210e+000
 5.70886898e+000
 5.67915297e+000
 5.66704702e+000
 5.64794064e+000
 5.63673782e+000
 5.60402012e+000
 5.59781551e+000
 5.57292891e+000
 5.54949951e+000
 5.53036594e+000
 5.51910639e+000
 5.49308443e+000
 5.46055794e+000
 5.44496202e+000
 5.43756104e+000
 5.43267632e+000
 5.39471960e+000
 5.38976955e+000
 5.36774540e+000
 5.35700941e+000
 5.32155514e+000
 5.29237509e+000
 5.27000380e+000
 5.26674986e+000
 5.24893045e+000
 5.21066332e+000
 5.20178699e+000
 5.19550514e+000
 5.17010689e+000
 5.14291906e+000
 5.12100458e+000
 5.08939409e+000
 5.08154154e+000
 5.07749701e+000
 5.03792286e+000
 5.01407576e+000
 4.99833298e+000
 4.98389530e+000
 4.96683931e+000
 4.95579338e+000
 4.94357586e+000
 4.93553877e+000
 4.90089035e+000
 4.88145876e+000
 4.87556124e+000
 4.86000776e+000
 4.83077765e+000
 4.80801821e+000
 4.78227043e+000
 4.76438093e+000
 4.75001669e+000
 4.74001312e+000
 4.73418474e+000
 4.72164345e+000
 4.71672058e+000
 4.69930983e+000
 4.67575979e+000
 4.65853739e+000
 4.63745594e+000
 4.61990023e+000
 4.59577847e+000
 4.59106922e+000
 4.56935453e+000
 4.56460953e+000
 4.54758644e+000
 4.52867603e+000
 4.52788019e+000
 4.51507044e+000
 4.47762299e+000
 4.46938276e+000
 4.44305038e+000
 4.43414640e+000
 4.41863060e+000
 4.40283155e+000
 4.38454580e+000
 4.36216402e+000
 4.35153055e+000
 4.34169531e+000
 4.32600069e+000
 4.30465508e+000
 4.28652239e+000
 4.27155828e+000
 4.25162601e+000
 4.23408365e+000
 4.22615099e+000
 4.21916533e+000
 4.19608545e+000
 4.18671799e+000
 4.17867041e+000
 4.16092157e+000
 4.14823818e+000
 4.13528109e+000
 4.10644770e+000
 4.10253191e+000
 4.09110212e+000
 4.06762981e+000
 4.04969645e+000
 4.03928137e+000
 4.02662373e+000
 4.00911140e+000
 4.00407982e+000
 3.97855473e+000
 3.96570444e+000
 3.94067430e+000
 3.93840170e+000
 3.91710734e+000
 3.89972687e+000
 3.88790107e+000
 3.87927747e+000
 3.86989784e+000
 3.86399293e+000
 3.83771396e+000
 3.82734752e+000
 3.81863356e+000
 3.79714870e+000
 3.78179097e+000
 3.75770783e+000
 3.75114179e+000
 3.73886919e+000
 3.72844315e+000
 3.70252490e+000
 3.69737506e+000
 3.67206407e+000
 3.66842198e+000
 3.65756726e+000
 3.64798355e+000
 3.63840199e+000
 3.62813616e+000
 3.61921096e+000
 3.59394264e+000
 3.58417082e+000
 3.56719303e+000
 3.55333376e+000
 3.53088140e+000
 3.52840424e+000
 3.50803900e+000
 3.49466419e+000
 3.48897886e+000
 3.48119926e+000
 3.46927977e+000
 3.45312500e+000
 3.43842196e+000
 3.41669130e+000
 3.40364480e+000
 3.40050888e+000
 3.38676691e+000
 3.38070989e+000
 3.36600327e+000
 3.36345959e+000
 3.34109497e+000
 3.33580494e+000
 3.32789016e+000
 3.31076479e+000
 3.30073929e+000
 3.28486657e+000
 3.27900481e+000
 3.26960516e+000
 3.25703764e+000
 3.23676443e+000
 3.22445488e+000
 3.21427584e+000
 3.20839691e+000
 3.20391655e+000
 3.18202996e+000
 3.16976023e+000
 3.16727114e+000
 3.14740252e+000
 3.13824916e+000
 3.12569070e+000
 3.11647534e+000
 3.09950018e+000
 3.08193660e+000
 3.07500100e+000
 3.06931782e+000
 3.04220772e+000
 3.03353381e+000
 3.02472138e+000
 3.01467109e+000
 3.00100160e+000
 2.99238825e+000
 2.98772359e+000
 2.97760463e+000
 2.96020722e+000
 2.94714117e+000
 2.94254327e+000
 2.93984747e+000
 2.91587710e+000
 2.91198182e+000
 2.90797925e+000
 2.90567446e+000
 2.89118123e+000
 2.87782073e+000
 2.85643721e+000
 2.84349060e+000
 2.83498669e+000
 2.82598090e+000
 2.80549645e+000
 2.79700112e+000
 2.79290366e+000
 2.78904438e+000
 2.77114105e+000
 2.77053499e+000
 2.76550150e+000
 2.75312448e+000
 2.74892545e+000
 2.72349167e+000
 2.71315384e+000
 2.70669389e+000
 2.68635678e+000
 2.66921496e+000
 2.66066194e+000
 2.65119219e+000
 2.64112616e+000
 2.63216782e+000
 2.62189484e+000
 2.61431122e+000
 2.60941100e+000
 2.59851384e+000
 2.59291840e+000
 2.58706236e+000
 2.56913948e+000
 2.56018734e+000
 2.55168724e+000
 2.54854560e+000
 2.53547215e+000
 2.52894521e+000
 2.52157259e+000
 2.51573014e+000
 2.49742866e+000
 2.48365545e+000
 2.47409225e+000
 2.47109389e+000
 2.46293187e+000
 2.45185423e+000
 2.44335723e+000
 2.43634033e+000
 2.42221308e+000
 2.41949987e+000
 2.40952420e+000
 2.40405893e+000
 2.38601398e+000
 2.37412834e+000
 2.37277865e+000
 2.35721636e+000
 2.34693336e+000
 2.33759117e+000
 2.33282661e+000
 2.32132268e+000
 2.30948973e+000
 2.30526662e+000
 2.29151320e+000
 2.28286743e+000
 2.27163887e+000
 2.26754498e+000
 2.26252890e+000
 2.25523782e+000
 2.24964976e+000
 2.24092293e+000
 2.22991920e+000
 2.21889400e+000
 2.21483564e+000
 2.20188689e+000
 2.19978142e+000
 2.18852615e+000
 2.17977977e+000
 2.17931676e+000
 2.16516113e+000
 2.16276670e+000
 2.15020609e+000
 2.14712572e+000
 2.12576032e+000
 2.11586809e+000
 2.10184407e+000
 2.09860134e+000
 2.09074426e+000
 2.08767366e+000
 2.08657217e+000
 2.07995772e+000
 2.07069588e+000
 2.06004572e+000
 2.04857230e+000
 2.04050040e+000
 2.03224301e+000
 2.02623773e+000
 2.01408672e+000
 2.00001621e+000
 1.99319994e+000
 1.98865306e+000
 1.97948730e+000
 1.97480929e+000
 1.96299732e+000
 1.95880949e+000
 1.95382714e+000
 1.94089091e+000
 1.93570840e+000
 1.92780089e+000
 1.92358232e+000
 1.91727126e+000
 1.90611041e+000
 1.90339017e+000
 1.89490008e+000
 1.88532794e+000
 1.87512147e+000
 1.86615634e+000
 1.86323071e+000
 1.85581791e+000
 1.84788036e+000
 1.83331811e+000
 1.82662904e+000
 1.81395340e+000
 1.80999362e+000
 1.80399656e+000
 1.79726183e+000
 1.79085100e+000
 1.78508019e+000
 1.77959287e+000
 1.76586342e+000
 1.76012611e+000
 1.74899936e+000
 1.74215281e+000
 1.74133193e+000
 1.73099840e+000
 1.72457790e+000
 1.72174668e+000
 1.71765709e+000
 1.70984674e+000
 1.69387615e+000
 1.68903255e+000
 1.68179154e+000
 1.67651391e+000
 1.67411244e+000
 1.67120767e+000
 1.65708864e+000
 1.65124917e+000
 1.64496100e+000
 1.63484347e+000
 1.63175523e+000
 1.61952794e+000
 1.61764312e+000
 1.61337233e+000
 1.61058247e+000
 1.60408890e+000
 1.59611666e+000
 1.58993924e+000
 1.58092797e+000
 1.56765187e+000
 1.56621337e+000
 1.55458450e+000
 1.55305409e+000
 1.54955351e+000
 1.54688871e+000
 1.53630543e+000
 1.53262866e+000
 1.52488780e+000
 1.52170205e+000
 1.51524365e+000
 1.50099480e+000
 1.49628675e+000
 1.48897910e+000
 1.48376060e+000
 1.47794020e+000
 1.46727359e+000
 1.45561635e+000
 1.45388675e+000
 1.44973552e+000
 1.44096005e+000
 1.43361473e+000
 1.42711353e+000
 1.42503870e+000
 1.41891217e+000
 1.41586709e+000
 1.40856647e+000
 1.40389764e+000
 1.39645016e+000
 1.39076233e+000
 1.38792157e+000
 1.38140857e+000
 1.37500310e+000
 1.37140489e+000
 1.36278415e+000
 1.35622144e+000
 1.35073435e+000
 1.34881401e+000
 1.33938599e+000
 1.33767152e+000
 1.33181214e+000
 1.32009649e+000
 1.31715405e+000
 1.30987895e+000
 1.30712533e+000
 1.30170369e+000
 1.29314291e+000
 1.29036963e+000
 1.28609419e+000
 1.28197718e+000
 1.27241969e+000
 1.26865375e+000
 1.26549733e+000
 1.26068497e+000
 1.25314951e+000
 1.25014150e+000
 1.24526775e+000
 1.24070346e+000
 1.23177326e+000
 1.22780156e+000
 1.22497928e+000
 1.21615863e+000
 1.20810723e+000
 1.20652437e+000
 1.19713616e+000
 1.19563770e+000
 1.18878531e+000
 1.18687046e+000
 1.17808867e+000
 1.17565489e+000
 1.17271698e+000
 1.15863669e+000
 1.15366960e+000
 1.15000176e+000
 1.14532876e+000
 1.13866234e+000
 1.13480830e+000
 1.12446511e+000
 1.12100589e+000
 1.11867213e+000
 1.11263323e+000
 1.10696340e+000
 1.10509706e+000
 1.09712374e+000
 1.09355664e+000
 1.08862329e+000
 1.08464813e+000
 1.07649815e+000
 1.06892943e+000
 1.06776488e+000
 1.05984187e+000
 1.05579138e+000
 1.05063117e+000
 1.04305410e+000
 1.03690374e+000
 1.03088248e+000
 1.03042030e+000
 1.02530599e+000
 1.02437031e+000
 1.01812541e+000
 1.01204169e+000
 1.01024556e+000
 1.00741780e+000
 1.00069571e+000
 9.96436715e-001
 9.94327486e-001
 9.84906197e-001
 9.79727566e-001
 9.77214038e-001
 9.74085212e-001
 9.68387663e-001
 9.64944601e-001
 9.60065484e-001
 9.54844832e-001
 9.53369021e-001
 9.49615002e-001
 9.40694213e-001
 9.37474072e-001
 9.35517013e-001
 9.31794107e-001
 9.19071376e-001
 9.12875831e-001
 9.08617198e-001
 9.02923942e-001
 9.01112795e-001
 8.98562491e-001
 8.92899215e-001
 8.90350223e-001
 8.83038402e-001
 8.82027924e-001
 8.73726726e-001
 8.73160958e-001
 8.67776990e-001
 8.60257745e-001
 8.58075559e-001
 8.54805410e-001
 8.50073874e-001
 8.49035442e-001
 8.38633001e-001
 8.34704757e-001
 8.30555558e-001
 8.26297045e-001
 8.17488790e-001
 8.14132214e-001
 8.11088920e-001
 8.09394181e-001
 8.05834055e-001
 8.04659545e-001
 7.98183978e-001
 7.95912623e-001
 7.93122649e-001
 7.92201281e-001
 7.88654685e-001
 7.82923877e-001
 7.78525412e-001
 7.74919093e-001
 7.70447314e-001
 7.62417376e-001
 7.58760214e-001
 7.53937721e-001
 7.49738932e-001
 7.45462120e-001
 7.41594970e-001
 7.40445077e-001
 7.36591876e-001
 7.31300771e-001
 7.25141287e-001
 7.23311067e-001
 7.18295932e-001
 7.15684533e-001
 7.11833477e-001
 7.05803931e-001
 7.02476263e-001
 6.96619749e-001
 6.91000402e-001
 6.87688947e-001
 6.80370867e-001
 6.79546297e-001
 6.74566507e-001
 6.72195196e-001
 6.67218328e-001
 6.66228652e-001
 6.62971675e-001
 6.60657108e-001
 6.56886280e-001
 6.53549314e-001
 6.49298429e-001
 6.44458890e-001
 6.39298379e-001
 6.35850310e-001
 6.34235799e-001
 6.30088210e-001
 6.27590239e-001
 6.24573946e-001
 6.21785104e-001
 6.16328776e-001
 6.13454223e-001
 6.11774206e-001
 6.08784676e-001
 5.99609733e-001
 5.98144650e-001
 5.94731152e-001
 5.90880692e-001
 5.84011137e-001
 5.81595242e-001
 5.77202737e-001
 5.76381505e-001
 5.69320142e-001
 5.67117572e-001
 5.62256038e-001
 5.56184351e-001
 5.54681063e-001
 5.52454531e-001
 5.48710704e-001
 5.46817422e-001
 5.40064573e-001
 5.36977112e-001
 5.32427728e-001
 5.29961884e-001
 5.25896192e-001
 5.20453572e-001
 5.16718686e-001
 5.15287280e-001
 5.12424946e-001
 5.10769069e-001
 5.05182683e-001
 5.00774980e-001
 4.97056723e-001
 4.92790282e-001
 4.89762574e-001
 4.87096012e-001
 4.84498769e-001
 4.83692229e-001
 4.80452150e-001
 4.77809131e-001
 4.68318224e-001
 4.67643470e-001
 4.65655208e-001
 4.61489379e-001
 4.56414729e-001
 4.52254772e-001
 4.46083993e-001
 4.45143819e-001
 4.42515969e-001
 4.39324975e-001
 4.36539620e-001
 4.33559090e-001
 4.31139559e-001
 4.28420842e-001
 4.23064977e-001
 4.17486191e-001
 4.15593565e-001
 4.12205905e-001
 4.08412784e-001
 4.04827684e-001
 4.02050912e-001
 3.95567566e-001
 3.92577559e-001
 3.89095157e-001
 3.86369795e-001
 3.83316576e-001
 3.79209936e-001
 3.77009273e-001
 3.74575198e-001
 3.70095968e-001
 3.68403882e-001
 3.67056280e-001
 3.59033585e-001
 3.57720703e-001
 3.56332749e-001
 3.48082483e-001
 3.44095349e-001
 3.39012653e-001
 3.34976405e-001
 3.32508326e-001
 3.31472129e-001
 3.26924086e-001
 3.21334928e-001
 3.19339991e-001
 3.11010838e-001
 3.10367852e-001
 3.04154605e-001
 2.96536148e-001
 2.92591304e-001
 2.91648269e-001
 2.87010342e-001
 2.81336218e-001
 2.79162586e-001
 2.73052365e-001
 2.69031793e-001
 2.67168075e-001
 2.48166054e-001
 3.92872188e-003
 2.75865244e-003
 2.10633688e-003
 1.78323360e-003
 1.00773480e-003
 9.38230776e-004
 8.64089059e-004
 7.32523389e-004
 7.00661505e-004
 6.50953734e-004
 5.93566045e-004
 5.61945664e-004
 5.07341814e-004
 4.31251188e-004
 4.16874333e-004
 4.12589987e-004
 3.96579911e-004
 3.90561181e-004
 3.82543745e-004
 3.38145212e-004
 3.28427763e-004
 3.20969237e-004
 3.13464610e-004
 2.90249649e-004
 2.71068391e-004
 2.59051769e-004
 2.47733959e-004
 2.44708965e-004
 2.30625257e-004
 2.17169538e-004
 2.14571075e-004
 2.09576596e-004
 1.97823465e-004
 1.84835313e-004
 1.76282294e-004
 1.74393499e-004
 1.69428560e-004
 1.60184049e-004
 1.57406947e-004
 1.47242070e-004
 1.45496742e-004
 1.42878664e-004
 1.41236786e-004
 1.38733216e-004
 1.31694818e-004
 1.29848500e-004
 1.26777290e-004
 1.24364189e-004
 1.23075675e-004
 1.20823242e-004
 1.17428383e-004
 1.14707975e-004
 1.12646216e-004
 1.11883470e-004
 1.10181209e-004
 1.08192769e-004
 1.07114582e-004
 1.06282649e-004
 1.05499013e-004
 1.03555081e-004
 1.02671722e-004
 1.01179357e-004
 1.00915233e-004
 1.00306410e-004
 9.86520754e-005
 9.81168268e-005
 9.75743023e-005
 9.68349414e-005
 9.57920856e-005
 9.54857824e-005
 9.46454747e-005
 9.34651689e-005
 9.23972984e-005
 9.21225655e-005
 9.10449962e-005
 9.04522676e-005
 9.03988694e-005
 8.92469543e-005
 8.83414905e-005
 8.74218968e-005
 8.70777440e-005
 8.60269283e-005
 8.57144041e-005
 8.49349599e-005
 8.44738388e-005
 8.41670189e-005
 8.30252611e-005
 8.27771582e-005
 8.18991975e-005
 8.15810781e-005
 8.11747814e-005
 8.06872340e-005
 8.03941293e-005
 7.98950932e-005
 7.89407204e-005
 7.85798111e-005
 7.82351708e-005
 7.75934241e-005
 7.71739287e-005
 7.65193981e-005
 7.59006653e-005
 7.55934889e-005
 7.50700856e-005
 7.44183053e-005
 7.42166085e-005
 7.35077920e-005
 7.30339962e-005
 7.25953287e-005
 7.21845136e-005
 7.16998620e-005
 7.13655609e-005
 7.08811422e-005
 7.04415725e-005
 7.00570672e-005
 6.99688680e-005
 6.93746697e-005
 6.84280385e-005
 6.80248704e-005
 6.77201460e-005
 6.72332390e-005
 6.68491557e-005
 6.67239365e-005
 6.62894745e-005
 6.60353908e-005
 6.52555173e-005
 6.51386144e-005
 6.47554916e-005
 6.40872240e-005
 6.37288322e-005
 6.35370816e-005
 6.33867821e-005
 6.26685578e-005
 6.22205407e-005
 6.17651604e-005
 6.16042453e-005
 6.10003299e-005
 6.07353468e-005
 6.04444758e-005
 6.02667533e-005
 5.95327074e-005
 5.92072829e-005
 5.87143768e-005
 5.86231727e-005
 5.83458495e-005
 5.78167528e-005
 5.74515580e-005
 5.70682314e-005
 5.69597760e-005
 5.66592098e-005
 5.62078785e-005
 5.59172877e-005
 5.57988860e-005
 5.55283441e-005
 5.48799471e-005
 5.47758209e-005
 5.44927207e-005
 5.43381975e-005
 5.39004723e-005
 5.35616091e-005
 5.33902712e-005
 5.28278069e-005
 5.26996082e-005
 5.26114600e-005
 5.20086651e-005
 5.17684894e-005
 5.14418316e-005
 5.12812294e-005
 5.10899226e-005
 5.06728902e-005
 5.05600874e-005
 5.03716983e-005
 5.00561218e-005
 4.97003821e-005
 4.96202010e-005
 4.94753658e-005
 4.90260099e-005
 4.87478064e-005
 4.85899036e-005
 4.83274453e-005
 4.80424751e-005
 4.77353788e-005
 4.74344597e-005
 4.73549480e-005
 4.71836101e-005
 4.68183607e-005
 4.67712052e-005
 4.64083460e-005
 4.62798744e-005
 4.61719355e-005
 4.56357739e-005
 4.53406028e-005
 4.52359345e-005
 4.49966428e-005
 4.47634739e-005
 4.45325932e-005
 4.44310390e-005
 4.41862612e-005
 4.37546842e-005
 4.35656730e-005
 4.32769739e-005
 4.31827793e-005
 4.29784268e-005
 4.27859013e-005
 4.25504695e-005
 4.24125064e-005
 4.22231096e-005
 4.20118449e-005
 4.18035779e-005
 4.17727315e-005
 4.13821108e-005
 4.13051894e-005
 4.11962283e-005
 4.09120184e-005
 4.07089319e-005
 4.06377694e-005
 4.03624763e-005
 4.01706784e-005
 3.98788397e-005
 3.97666008e-005
 3.96754585e-005
 3.94900308e-005
 3.93248847e-005
 3.92857655e-005
 3.90899149e-005
 3.88816916e-005
 3.87708424e-005
 3.85923267e-005
 3.84623854e-005
 3.81872342e-005
 3.80645870e-005
 3.79400444e-005
 3.77522229e-005
 3.77357283e-005
 3.74188348e-005
 3.73367984e-005
 3.71941715e-005
 3.70389171e-005
 3.69606059e-005
 3.67989633e-005
 3.66804270e-005
 3.65362357e-005
 3.63123072e-005
 3.62559658e-005
 3.60807026e-005
 3.59989754e-005
 3.57405406e-005
 3.57053541e-005
 3.55149023e-005
 3.54339427e-005
 3.53114119e-005
 3.51541785e-005
 3.50811570e-005
 3.49950315e-005
 3.49411312e-005
 3.48570611e-005
 3.46274574e-005
 3.45214066e-005
 3.43638530e-005
 3.41511623e-005
 3.41137238e-005
 3.39322141e-005
 3.38203899e-005
 3.37470010e-005
 3.35949844e-005
 3.34582946e-005
 3.33642965e-005
 3.30376424e-005
 3.29768918e-005
 3.29633076e-005
 3.29075447e-005
 3.27512244e-005
 3.27004200e-005
 3.24494249e-005
 3.23684581e-005
 3.22823726e-005
 3.21042789e-005
 3.20466825e-005
 3.19316023e-005
 3.18075836e-005
 3.17070735e-005
 3.15557954e-005
 3.14572462e-005
 3.14373647e-005
 3.12573648e-005
 3.12463526e-005
 3.10787545e-005
 3.09572206e-005
 3.07821610e-005
 3.07439332e-005
 3.04906443e-005
 3.04686200e-005
 3.03713750e-005
 3.02476310e-005
 3.01886830e-005
 2.99539333e-005
 2.99133717e-005
 2.98230643e-005
 2.97856586e-005
 2.97195093e-005
 2.96835697e-005
 2.95638620e-005
 2.94898000e-005
 2.92065088e-005
 2.91188699e-005
 2.90199550e-005
 2.89257296e-005
 2.88471219e-005
 2.87288331e-005
 2.86289123e-005
 2.85830210e-005
 2.84073631e-005
 2.83872560e-005
 2.83577410e-005
 2.82268738e-005
 2.81335469e-005
 2.81004250e-005
 2.79246069e-005
 2.78860407e-005
 2.77191411e-005
 2.77125746e-005
 2.76306018e-005
 2.75515813e-005
 2.74540689e-005
 2.73933601e-005
 2.73215046e-005
 2.71938407e-005
 2.70745204e-005
 2.70176515e-005
 2.69965713e-005
 2.69086086e-005
 2.68399872e-005
 2.67411306e-005
 2.67226787e-005
 2.66010211e-005
 2.65120943e-005
 2.64970640e-005
 2.62518970e-005
 2.61984060e-005
 2.61616333e-005
 2.60518518e-005
 2.59965145e-005
 2.59243443e-005
 2.58711789e-005
 2.57020620e-005
 2.56156654e-005
 2.55294526e-005
 2.55100640e-005
 2.54472307e-005
 2.53483304e-005
 2.53000599e-005
 2.51626388e-005
 2.51270030e-005
 2.50786616e-005
 2.49973255e-005
 2.49252971e-005
 2.48442539e-005
 2.47630833e-005
 2.46659347e-005
 2.46293330e-005
 2.45614046e-005
 2.44385774e-005
 2.43868108e-005
 2.42563674e-005
 2.41876151e-005
 2.41266880e-005
 2.40927839e-005
 2.39744713e-005
 2.39057590e-005
 2.38703778e-005
 2.38327248e-005
 2.37358872e-005
 2.35920725e-005
 2.35569678e-005
 2.35351545e-005
 2.33466435e-005
 2.32735329e-005
 2.32472157e-005
 2.31946924e-005
 2.30759870e-005
 2.30393416e-005
 2.30368696e-005
 2.28352001e-005
 2.28203007e-005
 2.27383225e-005
 2.26571283e-005
 2.26036027e-005
 2.25765416e-005
 2.24734540e-005
 2.23852767e-005
 2.22922808e-005
 2.21922510e-005
 2.21642276e-005
 2.20997626e-005
 2.20676302e-005
 2.19638114e-005
 2.18855548e-005
 2.18034857e-005
 2.17744673e-005
 2.17309371e-005
 2.15394830e-005
 2.15100972e-005
 2.14925512e-005
 2.13770982e-005
 2.13398398e-005
 2.12506129e-005
 2.12212362e-005
 2.11047518e-005
 2.10743237e-005
 2.10142971e-005
 2.09217396e-005
 2.08749352e-005
 2.08043493e-005
 2.07636458e-005
 2.07462872e-005
 2.06541154e-005
 2.06292771e-005
 2.05679535e-005
 2.05451906e-005
 2.04587304e-005
 2.04526805e-005
 2.03373838e-005
 2.02990504e-005
 2.02512128e-005
 2.01339608e-005
 2.00812556e-005
 2.00789618e-005
 2.00189806e-005
 1.99476690e-005
 1.99128281e-005
 1.97982117e-005
 1.97406152e-005
 1.96736983e-005
 1.96430774e-005
 1.96188103e-005
 1.94628701e-005
 1.93931737e-005
 1.93880860e-005
 1.93681499e-005
 1.92579282e-005
 1.92198295e-005
 1.91999825e-005
 1.91047184e-005
 1.90382907e-005
 1.90065948e-005
 1.89492239e-005
 1.89234615e-005
 1.88770900e-005
 1.88379181e-005
 1.87328042e-005
 1.86714060e-005
 1.86291581e-005
 1.85446443e-005
 1.84836899e-005
 1.84417950e-005
 1.83725570e-005
 1.83395168e-005
 1.83117045e-005
 1.82570311e-005
 1.82449658e-005
 1.81987252e-005
 1.80853585e-005
 1.80029419e-005
 1.79651543e-005
 1.79351464e-005
 1.78868049e-005
 1.78672126e-005
 1.77818056e-005
 1.77167276e-005
 1.76985432e-005
 1.76238318e-005
 1.75474979e-005
 1.75138211e-005
 1.74809884e-005
 1.74552642e-005
 1.74262022e-005
 1.72964956e-005
 1.72583168e-005
 1.72020209e-005
 1.71161137e-005
 1.70819585e-005
 1.70292424e-005
 1.69411360e-005
 1.69078467e-005
 1.68878705e-005
 1.68460665e-005
 1.67607050e-005
 1.67263552e-005
 1.67120361e-005
 1.66294158e-005
 1.65334459e-005
 1.65296096e-005
 1.64654302e-005
 1.64147878e-005
 1.63982204e-005
 1.63726181e-005
 1.63442546e-005
 1.62474826e-005
 1.61757252e-005
 1.61381722e-005
 1.61009939e-005
 1.60603304e-005
 1.60162908e-005
 1.59668216e-005
 1.58764105e-005
 1.58210660e-005
 1.57897794e-005
 1.57292889e-005
 1.56935530e-005
 1.56595434e-005
 1.56132573e-005
 1.55882190e-005
 1.55388716e-005
 1.54845675e-005
 1.54442732e-005
 1.53687452e-005
 1.53175188e-005
 1.52667199e-005
 1.52093535e-005
 1.51799368e-005
 1.51307340e-005
 1.50271262e-005
 1.49746293e-005
 1.49418875e-005
 1.48664330e-005
 1.48420768e-005
 1.48079234e-005
 1.47814017e-005
 1.47617820e-005
 1.46661123e-005
 1.46036928e-005
 1.45769063e-005
 1.44859314e-005
 1.44740843e-005
 1.44315300e-005
 1.44108117e-005
 1.43761936e-005
 1.43382231e-005
 1.43063944e-005
 1.42000526e-005
 1.41736682e-005
 1.41582759e-005
 1.40715883e-005
 1.40219581e-005
 1.39934727e-005
 1.39631475e-005
 1.39340318e-005
 1.38625910e-005
 1.38243840e-005
 1.37510106e-005
 1.37219895e-005
 1.36716344e-005
 1.36265580e-005
 1.35866021e-005
 1.35494047e-005
 1.35198170e-005
 1.34860366e-005
 1.34397342e-005
 1.34319662e-005
 1.33836420e-005
 1.33679132e-005
 1.32748964e-005
 1.32423456e-005
 1.32288196e-005
 1.32015048e-005
 1.31097850e-005
 1.30840772e-005
 1.30501339e-005
 1.30234448e-005
 1.29911741e-005
 1.29653508e-005
 1.28896227e-005
 1.28248794e-005
 1.28097281e-005
 1.27620751e-005
 1.27469057e-005
 1.26311315e-005
 1.25956549e-005
 1.25582328e-005
 1.25099223e-005
 1.25010220e-005
 1.24297121e-005
 1.24143198e-005
 1.23847904e-005
 1.23164427e-005
 1.22928877e-005
 1.22160618e-005
 1.21974608e-005
 1.21728262e-005
 1.21347466e-005
 1.21187168e-005
 1.20829372e-005
 1.19998604e-005
 1.19541091e-005
 1.19422875e-005
 1.19258320e-005
 1.18727703e-005
 1.18563039e-005
 1.17973486e-005
 1.17836707e-005
 1.16937790e-005
 1.16815190e-005
 1.16258598e-005
 1.16022966e-005
 1.15703297e-005
 1.15518187e-005
 1.14571649e-005
 1.14074137e-005
 1.13761043e-005
 1.13574988e-005
 1.12946063e-005
 1.12876050e-005
 1.12582866e-005
 1.12242969e-005
 1.11802774e-005
 1.11185955e-005
 1.11034506e-005
 1.10560013e-005
 1.10196006e-005
 1.09593338e-005
 1.09454204e-005
 1.08828481e-005
 1.08670984e-005
 1.08199529e-005
 1.07065325e-005
 1.06799744e-005
 1.06756752e-005
 1.06414636e-005
 1.06075813e-005
 1.05563440e-005
 1.05158661e-005
 1.04685687e-005
 1.04678602e-005
 1.04512574e-005
 1.03997236e-005
 1.03485272e-005
 1.03249231e-005
 1.03056727e-005
 1.02617396e-005
 1.02312142e-005
 1.01734231e-005
 1.01240312e-005
 1.01047199e-005
 1.00491143e-005
 1.00311490e-005
 9.97559346e-006
 9.95584924e-006
 9.95252867e-006
 9.88581451e-006
 9.85147653e-006
 9.83019254e-006
 9.81843095e-006
 9.78644948e-006
 9.73446822e-006
 9.69761641e-006
 9.67511187e-006
 9.66632160e-006
 9.59104182e-006
 9.56382701e-006
 9.51556012e-006
 9.48738489e-006
 9.42710631e-006
 9.38678204e-006
 9.33999672e-006
 9.32255534e-006
 9.29639737e-006
 9.26541816e-006
 9.24346568e-006
 9.21225637e-006
 9.20502316e-006
 9.14641805e-006
 9.12258201e-006
 9.05868092e-006
 9.04065837e-006
 8.99153747e-006
 8.97992413e-006
 8.95643097e-006
 8.92673870e-006
 8.89223065e-006
 8.84958081e-006
 8.82234417e-006
 8.79560503e-006
 8.75730257e-006
 8.73083900e-006
 8.68861935e-006
 8.67838662e-006
 8.62191791e-006
 8.61043554e-006
 8.57063696e-006
 8.52976336e-006
 8.51113236e-006
 8.47788033e-006
 8.43946964e-006
 8.41922338e-006
 8.39012046e-006
 8.36846357e-006
 8.30535282e-006
 8.28429165e-006
 8.26431005e-006
 8.21237427e-006
 8.16505781e-006
 8.14880423e-006
 8.11623886e-006
 8.08343884e-006
 8.04700267e-006
 7.99416921e-006
 7.98795008e-006
 7.97141638e-006
 7.94868720e-006
 7.92655192e-006
 7.91135426e-006
 7.89788191e-006
 7.82589905e-006
 7.77730020e-006
 7.76206252e-006
 7.75228000e-006
 7.74398359e-006
 7.70687348e-006
 7.67452457e-006
 7.66523681e-006
 7.64900142e-006
 7.63444768e-006
 7.59280101e-006
 7.53948007e-006
 7.49826040e-006
 7.48030743e-006
 7.47166132e-006
 7.44121326e-006
 7.38656263e-006
 7.36568063e-006
 7.32464969e-006
 7.27741008e-006
 7.26246481e-006
 7.23438416e-006
 7.22385494e-006
 7.19905165e-006
 7.18427327e-006
 7.12427209e-006
 7.06758783e-006
 7.04636386e-006
 7.03949081e-006
 7.00673445e-006
 6.97771884e-006
 6.95566632e-006
 6.94507298e-006
 6.88327691e-006
 6.85502664e-006
 6.82944892e-006
 6.79000641e-006
 6.76400077e-006
 6.74009243e-006
 6.70600093e-006
 6.68555867e-006
 6.66022106e-006
 6.64420031e-006
 6.62085904e-006
 6.60476599e-006
 6.54427049e-006
 6.53160987e-006
 6.50348420e-006
 6.47440356e-006
 6.46415583e-006
 6.41537918e-006
 6.40513144e-006
 6.34436628e-006
 6.33332456e-006
 6.29428905e-006
 6.28441285e-006
 6.26403107e-006
 6.22921243e-006
 6.17406886e-006
 6.11635369e-006
 6.10743064e-006
 6.07174979e-006
 6.05545665e-006
 6.00941257e-006
 5.98404495e-006
 5.94533185e-006
 5.92642800e-006
 5.91359776e-006
 5.90499849e-006
 5.87693603e-006
 5.84640748e-006
 5.83250994e-006
 5.78830895e-006
 5.75757940e-006
 5.70940165e-006
 5.70119209e-006
 5.67272627e-006
 5.65227720e-006
 5.62645073e-006
 5.61734760e-006
 5.60348053e-006
 5.54845792e-006
 5.54149028e-006
 5.51533458e-006
 5.46088404e-006
 5.41517693e-006
 5.39353823e-006
 5.38738914e-006
 5.35848676e-006
 5.31344131e-006
 5.26707936e-006
 5.25342784e-006
 5.23233984e-006
 5.21678294e-006
 5.20581352e-006
 5.18331581e-006
 5.16803993e-006
 5.13191844e-006
 5.08840685e-006
 5.07346795e-006
 5.05445769e-006
 5.01757768e-006
 5.00937676e-006
 4.98558120e-006
 4.93958487e-006
 4.92799927e-006
 4.89893273e-006
 4.87964098e-006
 4.84955399e-006
 4.81512552e-006
 4.77951289e-006
 4.73230148e-006
 4.72447300e-006
 4.69816905e-006
 4.66597476e-006
 4.65404582e-006
 4.63795141e-006
 4.60916772e-006
 4.59712101e-006
 4.56786211e-006
 4.54648671e-006
 4.53122357e-006
 4.51103324e-006
 4.49788058e-006
 4.46465583e-006
 4.44215675e-006
 4.42401051e-006
 4.37077051e-006
 4.36030268e-006
 4.32269326e-006
 4.28807289e-006
 4.26301995e-006
 4.25342159e-006
 4.23712390e-006
 4.20891456e-006
 4.18879654e-006
 4.18043419e-006
 4.12740337e-006
 4.11760129e-006
 4.11636620e-006
 4.09034374e-006
 4.06409663e-006
 4.03834110e-006
 4.01116040e-006
 3.98555540e-006
 3.96827818e-006
 3.93458640e-006
 3.91824142e-006
 3.89709339e-006
 3.86769807e-006
 3.85668500e-006
 3.82881990e-006
 3.81256882e-006
 3.79705762e-006
 3.76777530e-006
 3.74303045e-006
 3.71490523e-006
 3.68683300e-006
 3.66804488e-006
 3.62609694e-006
 3.59607429e-006
 3.58047964e-006
 3.56704777e-006
 3.55005864e-006
 3.53006931e-006
 3.52307666e-006
 3.47314835e-006
 3.46114689e-006
 3.44997670e-006
 3.41598616e-006
 3.40894599e-006
 3.39344047e-006
 3.34824449e-006
 3.34406377e-006
 3.32950458e-006
 3.30419721e-006
 3.26119198e-006
 3.23524296e-006
 3.21316020e-006
 3.19568312e-006
 3.17901299e-006
 3.16674323e-006
 3.14666067e-006
 3.11205918e-006
 3.08401491e-006
 3.07350342e-006
 3.06597553e-006
 3.03578781e-006
 3.01936348e-006
 2.97388601e-006
 2.96232906e-006
 2.94697656e-006
 2.93579251e-006
 2.89762806e-006
 2.86753902e-006
 2.85764099e-006
 2.83107329e-006
 2.81063853e-006
 2.78245693e-006
 2.77176946e-006
 2.75871980e-006
 2.74523177e-006
 2.73401974e-006
 2.69641441e-006
 2.66840175e-006
 2.65357903e-006
 2.61830110e-006
 2.60652405e-006
 2.57676152e-006
 2.55340456e-006
 2.54588554e-006
 2.52911605e-006
 2.52227051e-006
 2.49724894e-006
 2.45784827e-006
 2.44183775e-006
 2.42230794e-006
 2.39202177e-006
 2.35750053e-006
 2.32136472e-006
 2.30775731e-006
 2.29358534e-006
 2.27997089e-006
 2.24752603e-006
 2.24350629e-006
 2.22509948e-006
 2.20661650e-006
 2.18731293e-006
 2.15815840e-006
 2.12948589e-006
 2.11463612e-006
 2.08696611e-006
 2.08098049e-006
 2.06299796e-006
 2.03514901e-006
 2.01692296e-006
 1.97495592e-006
 1.95862231e-006
 1.94976224e-006
 1.92933430e-006
 1.90962737e-006
 1.89944274e-006
 1.87730905e-006
 1.84497117e-006
 1.82535325e-006
 1.79407448e-006
 1.78463836e-006
 1.77789070e-006
 1.74240040e-006
 1.72336229e-006
 1.71724366e-006
 1.70256180e-006
 1.69327723e-006
 1.66946506e-006
 1.64035976e-006
 1.61219805e-006
 1.59626575e-006
 1.57462046e-006
 1.55588782e-006
 1.54140855e-006
 1.53049496e-006
 1.50916503e-006
 1.50024880e-006
 1.45502304e-006
 1.42154863e-006
 1.39758481e-006
 1.39054191e-006
 1.37749271e-006
 1.36443600e-006
 1.35519406e-006
 1.33024139e-006
 1.29161526e-006
 1.27824535e-006
 1.25780446e-006
 1.23443715e-006
 1.22223958e-006
 1.20266191e-006
 1.18150979e-006
 1.15874548e-006
 1.12934345e-006
 1.11588281e-006
 1.09875259e-006
 1.07122958e-006
 1.05861704e-006
 1.03478635e-006
 1.02142758e-006
 1.00738316e-006
 9.77255695e-007
 9.59083422e-007
 9.42297390e-007
 9.35511139e-007
 9.06766388e-007
 8.81202482e-007
 8.59590216e-007
 8.43768760e-007
 8.21961919e-007
 7.89313958e-007
 7.76379352e-007
 7.66180335e-007
 7.52407232e-007
 7.34494222e-007
 7.30498527e-007
 6.80914582e-007
 6.63009189e-007
 6.29930014e-007
 6.23452138e-007
 6.15725185e-007
 5.92583319e-007
 5.81571044e-007
 5.43542910e-007
 5.19484843e-007
 5.06889364e-007
 4.98731026e-007
 4.89559113e-007
 4.70320884e-007
 4.42192402e-007
 4.11872350e-007
 4.05228860e-007
 3.72320045e-007
 3.61004339e-007
 3.47958832e-007
 3.17122158e-007
 2.97841837e-007
 2.72968606e-007
 2.62975647e-007
 2.36959821e-007
 2.27947737e-007
 1.96698650e-007
 1.82862223e-007
 1.47368866e-007
 1.36241752e-007
 1.14852952e-007
 9.59681756e-008
 6.92467665e-008
 5.43367840e-008
 4.35355929e-008
 4.10445189e-008
 1.97817815e-008
